1.1105	6.7386	1.3332	12.4357	0.8903	10.6434	1.1321	15.6722	0.5009	12.5704	0.7993	16.2412	
0.0000	1.5700	
-0.4140	6.6811	-0.2311	12.4088	-0.7393	10.6271	-0.4525	15.6442	-1.0813	12.4943	-0.7421	16.2483	
3.0000	0.0000	
-0.7975	4.2775	-0.3176	9.4599	-0.9646	8.5903	-0.5759	13.0424	-1.2413	11.3812	-0.8703	14.1618	
3.0000	0.0000	
-1.5507	2.9470	-0.4407	6.7300	-1.3392	7.2823	-0.6704	10.7029	-1.5641	10.9763	-1.1176	12.5377	
1.0000	0.0000	
-1.8763	3.1720	-0.5336	5.8577	-1.4060	7.0852	-0.8227	9.8818	-1.6673	11.0178	-1.1150	12.1095	
3.0000	0.0000	
-2.5256	5.0261	-0.9493	3.5902	-1.8680	7.2566	-1.0143	8.0464	-1.9141	11.6836	-1.4094	11.1342	
1.0000	1.5700	
2.0895	5.8281	-2.8203	3.1606	2.7368	7.5858	-2.7524	7.5985	2.7114	12.0653	-3.0319	11.0311	
3.0000	0.0000	
2.4499	7.7958	-3.0212	6.1026	2.7946	10.4120	-2.8038	10.4139	2.8183	14.8106	-3.0756	14.0210	
3.0000	0.0000	
2.6586	10.2412	-3.0301	8.9966	2.8939	13.2936	-2.9358	13.2807	2.8531	17.6688	-3.1103	16.9957	
3.0000	0.0000	
2.7683	13.0195	-3.0662	12.0270	2.9576	16.2208	-2.9511	16.1933	2.8800	20.6302	-3.1048	20.0169	
1.0000	0.0000	
2.7674	13.8791	-3.0781	13.0196	2.9437	17.2600	-2.9966	17.2460	2.9324	21.5843	-3.1122	21.0219	
3.0000	0.0000	
2.8090	16.7622	-3.0659	16.0143	2.9943	20.2404	-2.9654	20.2645	2.9036	24.5158	-3.1008	23.9886	
1.0000	1.5700	
1.2734	17.6969	1.6732	17.0217	1.4695	21.2088	1.7292	21.1828	1.3652	25.4827	1.5934	25.0346	
3.0000	0.0000	
1.4573	17.1368	1.8014	17.4818	1.5509	20.9817	1.8474	21.8447	1.5317	25.1063	1.7517	25.3355	
3.0000	0.0000	
1.6025	17.0699	1.9809	18.3913	1.7196	21.2057	1.9505	22.8172	1.6394	25.0622	1.8213	26.0373	
3.0000	0.0000	
1.8218	17.4748	2.1230	19.7475	1.8847	21.7939	2.0401	24.1439	1.7198	25.3446	1.9483	26.9418	
1.0000	0.0000	
1.8509	17.7612	2.1591	20.2246	1.9064	22.1369	2.1490	24.6776	1.7583	25.4933	2.0205	27.2906	
3.0000	0.0000	
2.0183	18.8265	2.2976	22.0581	2.0144	23.3017	2.2476	26.4134	1.8999	26.2162	2.0784	28.6490	
1.0000	1.5700	
0.5081	19.2254	0.7241	22.6700	0.4257	23.7455	0.6603	27.0251	0.3495	26.6053	0.5580	29.2077	
3.0000	0.0000	
0.5427	16.6791	0.8374	20.5486	0.5742	21.1978	0.7531	24.7658	0.4177	23.7939	0.5679	26.6789	
3.0000	0.0000	
0.7018	14.2898	0.9303	18.6708	0.6453	18.6470	0.8322	22.7554	0.4390	21.0906	0.6570	24.2312	
3.0000	0.0000	
0.8726	12.1255	1.0907	17.0540	0.7411	16.3079	0.9639	20.8137	0.4880	18.4532	0.7905	21.9635	
1.0000	0.0000	
0.8702	11.4564	1.1473	16.5709	0.7724	15.5989	1.0041	20.3337	0.5573	17.5335	0.7511	21.1957	
3.0000	0.0000	
1.1309	9.8881	1.3178	15.5565	0.9406	13.6671	1.1281	18.8732	0.6508	15.1007	0.8761	19.2784	
1.0000	0.0000	
1.2682	9.4882	1.3412	15.3433	0.9922	13.0639	1.1721	18.4407	0.7097	14.3348	0.9393	18.7010	
3.0000	0.0000	
1.5848	9.1019	1.5892	15.1027	1.2040	11.7693	1.3620	17.5876	0.8464	12.1389	1.1055	17.0813	
3.0000	0.0000	
1.8805	9.5636	1.7765	15.4151	1.4809	11.1504	1.5054	17.1308	1.0675	10.4249	1.2508	15.9153	
3.0000	0.0000	
2.1741	10.9136	1.9869	16.3071	1.7077	11.2988	1.7075	17.2284	1.3785	9.3815	1.4686	15.2654	
1.0000	0.0000	
2.2399	11.4520	2.0180	16.6101	1.8499	11.4810	1.7480	17.3897	1.4646	9.2340	1.5180	15.1578	
3.0000	0.0000	
2.4042	13.4777	2.1577	18.1153	2.0837	12.6550	1.8995	18.1352	1.8025	9.3629	1.6987	15.3248	
