1.1039	6.7102	1.3740	12.3783	0.8448	10.6790	1.1109	15.6411	0.4972	12.4953	0.8382	16.2931	
2.0000	0.0000	
1.4231	6.1057	1.4980	12.0781	1.0571	9.4034	1.1883	14.9065	0.5273	10.8130	0.9491	14.9494	
2.0000	0.0000	
1.7069	6.0163	1.6716	12.0586	1.2626	8.5610	1.3762	14.3851	0.7322	9.1695	1.0194	13.9667	
2.0000	0.0000	
2.0852	6.7113	1.7627	12.3875	1.4262	8.0784	1.5346	14.0004	0.9224	7.8214	1.1486	12.9782	
2.0000	0.0000	
2.2775	7.8470	2.0041	12.9051	1.7103	8.0526	1.6450	14.0759	1.1130	6.7192	1.3576	12.3378	
2.0000	0.0000	
2.4578	9.2353	2.1186	13.8997	1.9833	8.5229	1.7333	14.3741	1.3823	6.0136	1.4911	12.0068	
1.0000	1.5700	
0.9491	10.0448	0.5622	14.3980	0.4436	8.8994	0.2988	14.5725	0.0094	6.0438	0.0080	11.9928	
3.0000	0.0000	
1.1998	8.5171	0.7545	12.0692	0.6087	6.3668	0.3187	11.7106	0.0407	2.9856	-0.0227	8.9999	
3.0000	0.0000	
1.5709	8.0710	0.9145	10.0163	1.1175	4.5522	0.4966	8.8807	1.2597	0.0468	0.0154	5.9603	
3.0000	0.0000	
1.9088	8.5415	1.1959	8.5828	1.7801	4.1403	0.7097	6.3848	3.1373	2.9822	0.0226	2.9610	
3.0000	0.0000	
2.1896	10.0095	1.5922	8.1331	2.3457	5.6566	1.1376	4.5693	3.1737	6.0064	1.3595	0.0484	
3.0000	0.0000	
2.4062	12.1415	1.9278	8.6211	2.6268	8.0496	1.8077	4.1407	3.1534	8.9919	3.1523	3.0372	
1.0000	1.5700	
0.8765	12.8482	0.4284	9.0670	1.0991	8.9622	0.4394	4.4970	1.5720	9.9512	1.5634	4.0348	
2.0000	0.0000	
1.0538	11.6103	0.5995	7.2321	1.2855	8.2780	0.7665	2.8000	1.7942	10.1616	2.0562	4.4516	
2.0000	0.0000	
1.1677	10.7499	0.7921	5.7538	1.5228	8.0289	1.5645	2.0166	1.9597	10.7789	2.3463	5.5429	
2.0000	0.0000	
1.3938	10.2565	1.0733	4.6155	1.7417	8.2779	2.3485	2.7879	2.1032	11.6454	2.5190	7.1606	
2.0000	0.0000	
1.6115	9.9797	1.5987	4.0010	2.0279	8.9554	2.6722	4.4605	2.2810	12.7534	2.7175	8.8867	
2.0000	0.0000	
1.7722	10.2423	2.0053	4.5082	2.1677	9.9658	2.7923	6.2150	2.3690	14.1297	2.7670	10.6995	
1.0000	1.5700	
0.2545	10.3917	0.6198	4.9269	0.7356	10.5476	1.2796	7.2385	0.7879	14.7987	1.2220	11.6344	
2.0000	0.0000	
0.3384	8.5349	0.9911	3.4959	0.8477	9.1600	1.5481	6.9445	0.9802	13.5034	1.4386	11.0909	
2.0000	0.0000	
0.4523	6.6223	1.5318	2.9199	1.0492	7.9182	1.8502	7.1888	1.0751	12.4416	1.5759	10.9000	
2.0000	0.0000	
0.6764	4.9447	2.1613	3.5558	1.2815	7.2323	2.0898	7.9421	1.2020	11.6100	1.7521	11.1967	
2.0000	0.0000	
0.9728	3.5980	2.5334	4.9789	1.5087	6.9731	2.2857	9.1714	1.3671	11.0929	1.9032	11.5802	
2.0000	0.0000	
1.5188	2.9014	2.6427	6.6583	1.8687	7.1854	2.3913	10.5304	1.4882	10.8875	2.0406	12.4900	
1.0000	1.5700	
0.3374	3.0890	1.2005	7.5424	0.3678	7.4956	0.9098	11.3624	0.1048	10.9468	0.6068	13.0122	
3.0000	0.0000	
1.6935	0.9150	1.5633	6.9860	0.6613	4.9025	1.2096	9.7378	0.1271	7.9599	0.6597	10.5397	
3.0000	0.0000	
2.8444	3.3607	1.9540	7.6314	1.2704	3.1030	1.4788	8.9091	0.2144	4.9944	0.9890	8.5291	
3.0000	0.0000	
2.9874	6.1960	2.3102	9.3131	2.1621	3.6128	1.8074	9.2455	0.4147	2.0961	1.2451	7.2277	
3.0000	0.0000	
2.9831	9.1416	2.5108	11.4812	2.6310	5.8549	2.0891	10.3132	2.4635	1.4448	1.7044	7.0866	
3.0000	0.0000	
3.0669	12.2055	2.6186	13.9783	2.7679	8.6102	2.3111	12.0872	2.9590	4.1750	2.0832	8.0879	
