1.1349	6.6716	1.2855	12.3570	0.8058	10.6179	1.1368	15.6606	0.4476	12.5206	0.7996	16.2961	
3.0000	0.0000	
1.6311	6.0419	1.5798	12.0380	1.0634	8.9755	1.2561	14.5666	0.6414	9.9665	0.9917	14.4372	
3.0000	0.0000	
2.0643	6.6729	1.8575	12.3303	1.4945	8.0209	1.4639	14.0352	0.8923	7.8538	1.1625	12.9845	
3.0000	0.0000	
2.3544	8.5457	1.9889	13.4520	1.8908	8.2354	1.7213	14.1487	1.2614	6.2868	1.4521	12.1278	
3.0000	0.0000	
2.5425	10.8359	2.1985	14.9568	2.1604	9.4722	1.9492	14.8835	1.8096	6.1057	1.6319	12.0480	
3.0000	0.0000	
2.7450	13.3975	2.3645	17.0057	2.4046	11.3173	2.0357	16.0729	2.1616	7.2200	1.8341	12.6598	
1.0000	1.2566	
1.4929	14.3007	1.1239	17.6968	1.2167	12.1043	0.8720	16.6574	1.0303	7.8471	0.7378	13.0409	
3.0000	0.0000	
1.7001	14.2706	1.3095	16.6838	1.4169	11.1602	1.0526	14.9675	1.3715	6.7848	0.8868	10.9025	
3.0000	0.0000	
1.9400	14.8278	1.5121	16.1846	1.7512	11.1182	1.2810	13.6894	1.8664	6.8519	1.1400	9.3080	
3.0000	0.0000	
2.0780	16.0283	1.6189	16.1582	1.9601	11.7675	1.4036	13.0359	2.1321	8.1134	1.5018	8.5068	
3.0000	0.0000	
2.1501	17.5435	1.8253	16.8279	2.1325	13.1596	1.7090	12.9474	2.4654	10.2459	1.8594	8.7086	
3.0000	0.0000	
2.3714	19.4658	1.9975	17.8106	2.2957	15.0737	1.9645	13.6972	2.6055	12.7336	2.1119	10.0158	
1.0000	1.2566	
1.2122	20.2648	0.8464	18.2753	1.0625	15.6793	0.7606	14.0028	1.4196	13.5362	0.9482	10.4556	
3.0000	0.0000	
1.2236	19.0597	0.9667	16.2508	1.2768	14.6081	0.9266	11.9595	1.5935	13.3093	1.1877	9.0253	
3.0000	0.0000	
1.4015	18.2532	1.0487	14.7371	1.4847	14.1108	1.1224	10.1883	1.8969	13.7172	1.5175	8.4467	
3.0000	0.0000	
1.5710	18.0649	1.2767	13.6979	1.7204	14.1020	1.3528	9.3125	1.9610	14.7720	1.8938	8.9090	
3.0000	0.0000	
1.7311	18.2444	1.5457	13.1469	1.9158	14.9227	1.7250	9.2572	2.1721	16.2515	2.2156	10.2530	
3.0000	0.0000	
1.9715	18.9418	1.7233	13.3783	2.1328	16.0568	1.9959	10.2564	2.2850	18.0719	2.3748	12.2264	
1.0000	1.2566	
0.6883	19.2433	0.5004	13.6131	0.9125	16.6795	0.8557	10.6541	1.0466	18.8303	1.1443	12.9468	
3.0000	0.0000	
0.8411	17.0733	0.6992	11.1718	0.9505	14.9115	1.0955	8.9805	1.2899	17.6908	1.3370	12.1069	
3.0000	0.0000	
0.9794	15.1136	0.9402	9.1357	1.2566	13.6764	1.4017	8.0667	1.4984	17.0261	1.6882	12.0089	
3.0000	0.0000	
1.1446	13.6374	1.2324	7.6350	1.4113	12.9537	1.8494	8.1976	1.6295	16.9135	1.9789	12.6181	
3.0000	0.0000	
1.4052	12.5006	1.6170	7.3500	1.6431	12.9246	2.2021	9.3929	1.7725	17.1581	2.1270	13.9071	
3.0000	0.0000	
1.5276	12.1630	2.1010	8.0575	1.9765	13.5845	2.4626	11.2693	1.9289	18.0566	2.2538	15.5922	
1.0000	1.2566	
0.3772	12.1268	0.8581	8.5396	0.7546	13.9467	1.1543	11.9433	0.6666	18.4391	1.0704	16.3285	
3.0000	0.0000	
0.5459	9.4709	1.1424	7.0642	0.9053	11.9130	1.4000	11.1765	0.9081	16.3186	1.2309	15.0096	
3.0000	0.0000	
0.7186	7.0980	1.6688	6.6358	1.0999	10.2582	1.6349	11.0230	1.0000	14.5853	1.4628	14.3007	
3.0000	0.0000	
1.1378	5.2192	1.9671	7.4022	1.4283	9.2988	1.9467	11.7519	1.2179	13.2911	1.6476	14.2839	
3.0000	0.0000	
1.7044	4.8505	2.3583	9.2607	1.8024	9.2908	2.1408	13.1525	1.4319	12.6007	1.8597	14.7607	
3.0000	0.0000	
2.2371	6.0133	2.4992	11.5428	2.0062	10.2209	2.3145	14.9254	1.6817	12.4548	1.9953	15.8447	
