1.1143	2.6658	1.3364	12.6379	0.8575	9.1711	1.1213	13.8447	0.4883	11.1177	0.7804	17.4468	
3.0000	0.0000	
1.5767	4.5292	1.5265	11.6838	1.0856	7.5363	1.2679	12.7724	0.6042	11.3597	0.9503	13.9284	
3.0000	0.0000	
2.0448	5.8517	1.8312	9.6832	1.4724	6.2032	1.5337	15.2087	0.9278	9.1766	1.2147	12.2843	
3.0000	0.0000	
2.3892	12.9521	2.0701	13.2214	1.8634	9.0034	1.7489	14.8587	1.2844	8.2758	1.4419	11.3566	
3.0000	0.0000	
2.5625	10.9071	2.2387	15.3426	2.1528	7.3228	1.9543	12.0837	1.7852	3.1406	1.6906	13.5145	
3.0000	0.0000	
2.7121	12.1436	2.3506	16.2964	2.3502	12.5571	2.1010	19.8898	2.1631	4.5140	1.8935	15.7133	
1.0000	1.2566	
1.5003	15.2068	1.1562	19.3552	1.1908	10.7964	0.9322	18.4418	1.0070	8.7746	0.7167	11.6268	
3.0000	0.0000	
1.6753	14.0683	1.3063	14.4498	1.4104	13.8208	1.0272	13.8308	1.3809	6.3100	0.9609	10.0399	
3.0000	0.0000	
1.8702	11.4024	1.5133	17.3946	1.6843	12.9157	1.2569	15.6140	1.8577	4.6747	1.1208	9.3476	
3.0000	0.0000	
2.0627	15.4596	1.6573	14.1036	1.8602	13.0908	1.4559	11.7023	2.1836	10.4690	1.4703	7.2487	
3.0000	0.0000	
2.1803	19.3970	1.8744	13.8463	2.1218	11.7342	1.6988	14.1607	2.4172	13.0959	1.8632	8.8549	
3.0000	0.0000	
2.3465	19.6949	2.0345	17.1318	2.3487	13.4115	1.9125	12.2266	2.5870	9.7313	2.1213	8.2080	
1.0000	1.2566	
1.1142	21.1953	0.8003	18.8885	1.0964	17.5189	0.7133	11.4429	1.3477	11.2190	0.9510	11.5542	
3.0000	0.0000	
1.2016	20.7765	0.9378	17.3242	1.2276	13.7571	0.8244	12.7564	1.5147	11.9256	1.1496	9.4292	
3.0000	0.0000	
1.3782	17.1623	1.0570	16.1069	1.4784	13.4423	1.0488	10.2974	1.7881	16.1273	1.4838	9.2273	
3.0000	0.0000	
1.5306	20.3378	1.2773	10.5585	1.6899	15.1713	1.3155	8.4612	1.9732	15.0830	1.8106	10.4647	
3.0000	0.0000	
1.7570	18.5572	1.5311	10.4268	1.9361	17.8701	1.7058	9.2835	2.2225	13.9618	2.1283	10.6809	
3.0000	0.0000	
1.8773	20.9183	1.7412	15.6134	2.0998	15.0999	2.0138	8.4757	2.3362	13.8640	2.3902	10.1064	
1.0000	1.2566	
0.6627	20.4964	0.6042	10.6882	0.8963	12.8328	0.8417	9.5522	1.0814	19.2123	1.1894	11.6424	
3.0000	0.0000	
0.7645	15.2772	0.6832	10.5332	1.0136	15.2160	1.0642	10.8660	1.2320	16.7425	1.3865	14.9176	
3.0000	0.0000	
0.8953	13.6938	0.9269	9.6571	1.2179	10.9116	1.3960	9.1336	1.3643	18.5619	1.6172	10.8161	
3.0000	0.0000	
1.0916	13.9296	1.1897	5.0217	1.4725	11.4282	1.7620	7.1349	1.5744	13.6916	1.8760	9.1483	
3.0000	0.0000	
1.2553	10.8799	1.5865	7.8204	1.6658	8.2927	2.0977	10.9665	1.7418	16.6272	2.0694	13.1826	
3.0000	0.0000	
1.5388	10.1664	1.9944	6.8138	1.8955	18.0565	2.3271	12.2016	1.8891	19.5870	2.2776	16.9935	
1.0000	1.2566	
0.3137	13.7810	0.8080	11.0801	0.6592	14.1600	1.0961	6.6704	0.6938	17.5068	1.0073	14.0298	
3.0000	0.0000	
0.4691	8.2839	1.1963	5.6221	0.8366	12.1789	1.4119	9.2929	0.8654	12.9730	1.2147	16.3320	
3.0000	0.0000	
0.6743	9.1517	1.6523	7.1372	1.0532	7.0821	1.6769	12.4875	0.9605	12.5148	1.3987	14.7129	
3.0000	0.0000	
1.1226	3.7889	2.1017	8.1357	1.4288	7.2248	1.9560	13.2171	1.1735	11.9843	1.6287	15.0680	
3.0000	0.0000	
1.7868	4.8792	2.3883	9.8508	1.7432	8.7924	2.1464	11.1968	1.4265	11.3920	1.7839	12.6786	
3.0000	0.0000	
