1.0768	6.7391	1.3255	12.3969	0.8450	10.5461	1.0810	15.6020	0.4485	12.5360	0.8377	16.3028	
3.0000	0.0000	
1.5668	5.8903	1.5195	12.0132	1.1215	8.9606	1.3263	14.6138	0.6482	9.9758	0.9976	14.3173	
3.0000	0.0000	
2.0086	6.7727	1.7096	12.4832	1.3548	8.1106	1.5084	14.0142	0.9038	7.8348	1.1445	13.0074	
3.0000	0.0000	
2.3690	8.4920	1.9830	13.5014	1.7915	8.2534	1.6909	14.0590	1.1836	6.3613	1.3398	12.1546	
1.0000	0.0000	
2.4322	9.1201	2.0619	13.9501	1.9750	8.5675	1.8170	14.2653	1.4203	6.1376	1.5211	12.0332	
3.0000	0.0000	
2.6075	11.6413	2.2393	15.6027	2.2114	9.9874	1.9817	15.2585	1.8495	6.3291	1.6915	12.1917	
1.0000	1.5700	
1.0707	12.6270	0.7396	16.3135	0.7135	10.6479	0.4945	15.6398	0.3852	6.6167	0.2415	12.4103	
3.0000	0.0000	
1.2910	11.4125	0.9370	14.2293	0.9545	8.7043	0.6291	12.9763	0.7402	4.2566	0.3127	9.3695	
3.0000	0.0000	
1.4899	10.9725	1.0533	12.5610	1.2496	7.2317	0.6860	10.6775	1.5991	2.8470	0.4590	6.6389	
3.0000	0.0000	
1.8787	11.4021	1.3192	11.3870	1.7056	7.1703	0.9425	8.7210	2.3654	4.1975	0.7461	4.3063	
1.0000	0.0000	
1.8694	11.8150	1.3622	11.0419	1.7915	7.2412	0.9983	8.0786	2.5013	4.9573	0.9392	3.4886	
3.0000	0.0000	
2.1962	12.8877	1.6444	10.9528	2.2078	8.6326	1.4612	6.9633	2.8005	7.6865	1.9169	3.1353	
1.0000	1.5700	
0.6441	13.4947	0.0941	11.0778	0.7358	9.2255	-0.0749	6.8137	1.1916	8.5562	0.6299	3.5075	
3.0000	0.0000	
0.8664	11.2428	0.2253	8.2397	0.9005	7.0444	0.0303	3.9934	1.5855	7.9276	1.6046	2.0349	
3.0000	0.0000	
1.0556	9.3691	0.2960	5.3937	1.4814	6.1435	-0.0685	1.0488	1.8443	8.4965	2.6056	3.6505	
3.0000	0.0000	
1.3137	8.1722	0.7879	2.7577	1.9204	6.3009	-3.1275	2.0989	2.2266	10.1116	2.8296	6.3290	
1.0000	0.0000	
1.4600	7.9311	1.1257	2.1215	2.0244	6.7173	-3.1187	3.1558	2.3035	10.5906	2.9670	7.4090	
3.0000	0.0000	
1.8014	8.0854	2.4448	2.7788	2.4367	8.5155	-3.1111	6.0802	2.5050	12.8717	2.9827	10.2891	
1.0000	1.5700	
0.3735	8.5206	0.9813	3.5914	0.7832	9.1603	1.5353	7.1436	0.9358	13.5948	1.3813	11.2857	
3.0000	0.0000	
0.5136	5.7772	1.9564	3.2151	1.1975	7.5603	1.9782	7.6828	1.1292	12.1148	1.6032	11.0847	
3.0000	0.0000	
1.0457	3.6160	2.5112	5.1016	1.6565	6.9890	2.2858	9.2838	1.4220	11.2012	1.9242	11.8623	
3.0000	0.0000	
1.8824	3.1460	2.6850	7.6743	1.9933	7.7100	2.4825	11.4086	1.6451	11.1248	2.0807	13.0905	
1.0000	0.0000	
2.2219	3.5962	2.8436	8.6483	2.0305	7.9939	2.5446	12.1887	1.7779	11.1492	2.1871	13.6701	
3.0000	0.0000	
2.5733	5.8824	2.8876	11.3450	2.3611	9.9178	2.6511	14.8125	1.9909	12.1326	2.2798	15.6390	
1.0000	0.0000	
2.6576	6.7649	2.9754	12.4453	2.4648	10.6551	2.6652	15.7218	2.0604	12.5618	2.3569	16.2968	
3.0000	0.0000	
2.7694	9.6343	2.9265	15.2826	2.5737	13.0872	2.7083	18.3612	2.2307	14.0745	2.4990	18.6311	
3.0000	0.0000	
2.8791	12.3558	3.0203	18.2990	2.7004	15.5711	2.8351	21.2571	2.4097	16.2428	2.5639	21.0941	
3.0000	0.0000	
3.0085	15.3179	3.0311	21.1509	2.7685	18.3667	2.9198	24.1126	2.6129	18.5347	2.7455	23.6196	
1.0000	0.0000	
2.9666	16.3903	3.0044	22.1981	2.7638	19.3566	2.8785	25.0390	2.5598	19.4068	2.6588	24.5747	
3.0000	0.0000	
3.0617	19.2728	2.9845	25.1600	2.8116	22.2512	2.9088	28.0214	2.5901	21.8409	2.6575	27.2709	
