1.1504	6.6440	1.3229	12.3242	0.9101	10.5699	1.0578	15.7016	0.5033	12.5017	0.7928	16.2979	
3.0000	0.0000	
1.6325	5.9007	1.5733	12.0575	1.0790	9.0466	1.2977	14.5773	0.6780	10.0213	1.0293	14.3471	
3.0000	0.0000	
2.0383	6.7536	1.7898	12.3636	1.4524	8.0436	1.5617	14.0287	0.9640	7.8574	1.1918	12.9822	
3.0000	0.0000	
2.3262	8.5184	2.0606	13.4687	1.7969	8.2142	1.6734	14.1345	1.2278	6.3527	1.3999	12.1352	
3.0000	0.0000	
2.5162	10.7709	2.2075	15.0326	2.1411	9.4112	1.8818	14.8070	1.7440	6.0056	1.6309	11.9827	
3.0000	0.0000	
2.6732	13.3433	2.4003	16.9565	2.3787	11.3427	2.0723	16.1037	2.2326	7.2130	1.9138	12.6023	
1.0000	1.2566	
1.4657	14.4015	1.1852	17.7225	1.1974	12.0966	0.9375	16.6294	1.0778	7.7674	0.7563	12.9911	
3.0000	0.0000	
1.7306	14.2805	1.3109	16.7154	1.3809	11.1633	1.0209	14.8458	1.4524	6.7370	0.8354	10.9172	
3.0000	0.0000	
1.9487	14.8417	1.3903	16.2425	1.6703	11.0932	1.2154	13.6432	1.8573	6.8423	1.1538	9.2540	
3.0000	0.0000	
2.0540	16.0035	1.5882	16.2094	1.8912	11.7503	1.4392	12.9792	2.1793	8.2234	1.5373	8.5095	
3.0000	0.0000	
2.1629	17.5575	1.8361	16.6319	2.1123	13.1469	1.7508	12.9749	2.4921	10.2358	1.8020	8.6607	
3.0000	0.0000	
2.3442	19.4567	1.9452	17.8527	2.3334	15.0067	1.8440	13.6174	2.5606	12.6966	2.1068	9.9012	
1.0000	1.2566	
1.0550	20.1502	0.8017	18.1436	1.0422	15.7085	0.7008	14.0437	1.3910	13.5279	0.8867	10.3230	
3.0000	0.0000	
1.2350	18.9898	0.9561	16.3124	1.3093	14.6325	0.9261	11.8995	1.5798	13.2763	1.2276	8.9176	
3.0000	0.0000	
1.4044	18.3029	1.1673	14.7458	1.4929	14.0221	1.1150	10.2826	1.8001	13.7827	1.6497	8.4742	
3.0000	0.0000	
1.6245	18.0046	1.3225	13.6965	1.6325	14.1368	1.3725	9.3627	2.0442	14.7270	1.9402	8.8790	
3.0000	0.0000	
1.7163	18.3613	1.4684	13.0968	1.9317	14.7475	1.7163	9.3097	2.2155	16.2706	2.2197	10.2677	
3.0000	0.0000	
1.9522	18.9812	1.7552	13.3674	2.0485	16.1348	2.0189	10.1189	2.3036	18.2191	2.2977	12.1116	
1.0000	1.2566	
0.7298	19.2279	0.5248	13.5261	0.8882	16.6050	0.8296	10.7122	1.1425	18.8359	1.1955	12.9573	
3.0000	0.0000	
0.8228	17.0976	0.7167	11.0939	0.9852	14.8911	1.0865	8.9626	1.3158	17.6460	1.4031	12.1140	
3.0000	0.0000	
0.9301	15.0206	0.9237	9.1576	1.2292	13.7122	1.5044	8.0621	1.3414	17.0376	1.6478	12.0820	
3.0000	0.0000	
1.0762	13.4440	1.3101	7.6787	1.4785	12.9475	1.7920	8.2553	1.6026	16.8126	1.8753	12.6821	
3.0000	0.0000	
1.3063	12.4626	1.6325	7.3531	1.6820	12.9143	2.0763	9.4421	1.7834	17.1347	2.0946	13.9385	
3.0000	0.0000	
1.5757	12.1129	2.0077	8.1636	1.8959	13.6288	2.3627	11.2198	1.8499	18.0051	2.2643	15.5996	
1.0000	1.2566	
0.3936	12.1639	0.8400	8.6189	0.6825	13.9428	1.1050	12.0200	0.7800	18.4615	1.0672	16.3016	
3.0000	0.0000	
0.4835	9.4881	1.1582	7.0516	0.9303	11.8881	1.4279	11.1396	0.8882	16.3064	1.1950	15.0544	
3.0000	0.0000	
0.7658	7.1488	1.6776	6.7317	1.1758	10.1370	1.6772	11.0233	0.9269	14.5529	1.3878	14.2957	
3.0000	0.0000	
1.0604	5.2650	2.0716	7.3464	1.3865	9.2914	1.8670	11.6866	1.2297	13.2174	1.7794	14.1995	
3.0000	0.0000	
1.7944	4.7081	2.3772	9.2170	1.7731	9.3343	2.1876	13.0636	1.4729	12.5289	1.8024	14.6934	
3.0000	0.0000	
2.2681	6.1148	2.4927	11.6143	2.0654	10.1799	2.3391	14.9275	1.6214	12.3905	1.9977	15.8576	
