1.1439	6.7144	1.2784	12.3608	0.8857	10.6441	1.0817	15.6587	0.4894	12.4976	0.8650	16.2693	
3.0000	0.0000	
1.5647	6.0057	1.5993	12.0535	1.1028	8.9144	1.2701	14.5104	0.6305	10.0461	0.9436	14.3866	
3.0000	0.0000	
2.0249	6.6305	1.7900	12.4414	1.4971	8.0684	1.5373	14.0739	0.8877	7.7955	1.1312	12.9784	
3.0000	0.0000	
2.3236	8.4637	2.0327	13.4149	1.8463	8.2527	1.6981	14.1221	1.2014	6.2986	1.3695	12.1849	
1.0000	0.0000	
2.4178	9.1946	2.1020	13.8798	1.9876	8.5252	1.7793	14.3378	1.3812	6.1551	1.4782	12.0275	
3.0000	0.0000	
2.5965	11.6579	2.2337	15.6606	2.2424	9.9625	1.9619	15.2528	1.8641	6.3149	1.7217	12.2151	
1.0000	1.5700	
1.0750	12.4959	0.7764	16.3131	0.6751	10.5868	0.4501	15.6390	0.4655	6.7200	0.2873	12.3427	
3.0000	0.0000	
1.2983	11.3919	0.9038	14.2540	0.8711	8.6143	0.5672	13.0857	0.7670	4.2234	0.3120	9.5192	
3.0000	0.0000	
1.5069	10.9249	1.0577	12.5338	1.3205	7.2918	0.7233	10.6491	1.5771	3.0095	0.4552	6.6301	
3.0000	0.0000	
1.8156	11.4209	1.3069	11.3761	1.7706	7.0433	0.9808	8.6443	2.3688	4.1796	0.7804	4.2397	
1.0000	0.0000	
1.8829	11.6666	1.4382	11.1330	1.8813	7.2588	1.0433	8.1218	2.5031	5.0143	0.9852	3.6076	
3.0000	0.0000	
2.1027	13.0087	1.6952	11.0176	2.1598	8.5883	1.4636	7.0468	2.7538	7.6209	1.8129	3.1731	
1.0000	1.5700	
0.5933	13.5512	0.1468	11.1799	0.6917	9.1579	0.0126	7.0537	1.2574	8.6146	0.5679	3.5877	
3.0000	0.0000	
0.7994	11.3226	0.2579	8.2239	1.0393	7.2227	0.0350	4.0078	1.5853	8.0190	1.5195	1.9049	
3.0000	0.0000	
0.9719	9.4922	0.3661	5.4066	1.3613	6.0127	0.0249	0.9837	1.9265	8.5399	2.5668	3.6104	
3.0000	0.0000	
1.2983	8.2164	0.7995	2.8575	1.8744	6.3725	3.0965	1.9686	2.1986	10.0839	2.8301	6.3930	
1.0000	0.0000	
1.4453	8.1527	1.0871	2.2285	2.1030	6.7424	3.1647	2.9683	2.3100	10.6235	2.9041	7.3137	
3.0000	0.0000	
1.7984	8.2512	2.3612	2.8826	2.3189	8.4034	-3.1026	5.9579	2.4827	12.7227	2.9571	10.2243	
1.0000	1.5700	
0.3371	8.5161	0.9686	3.5517	0.8894	9.1580	1.5682	6.9375	0.9346	13.5785	1.3299	11.1557	
3.0000	0.0000	
0.5592	5.8458	1.8880	3.2214	1.1799	7.6179	2.0030	7.6663	1.1701	12.1254	1.6467	11.0666	
3.0000	0.0000	
0.9995	3.5727	2.4789	5.0415	1.5181	6.9885	2.3302	9.2399	1.4581	11.1825	1.8827	11.7539	
3.0000	0.0000	
1.9142	3.1903	2.7357	7.6135	1.9867	7.5872	2.4676	11.3443	1.6226	11.1864	2.1218	13.0824	
1.0000	0.0000	
2.1552	3.6214	2.7886	8.5171	2.0626	8.0695	2.5510	12.1809	1.7515	11.2195	2.2334	13.6315	
3.0000	0.0000	
2.5924	5.8851	2.8722	11.5004	2.3157	9.9419	2.6795	14.8525	1.9669	12.1819	2.3587	15.5875	
1.0000	0.0000	
2.6854	6.6420	2.9535	12.4151	2.4232	10.6783	2.6897	15.7652	2.0796	12.5295	2.4291	16.2999	
3.0000	0.0000	
2.7998	9.4245	2.9014	15.3172	2.5764	13.0520	2.7472	18.4493	2.2257	14.1668	2.4926	18.6858	
3.0000	0.0000	
2.9132	12.3797	2.9322	18.1921	2.6888	15.7028	2.8153	21.1959	2.4274	16.3371	2.5787	21.0440	
3.0000	0.0000	
2.9299	15.2269	2.9401	21.1827	2.7325	18.3883	2.8556	24.0843	2.4761	18.6017	2.6539	23.7298	
1.0000	0.0000	
2.9551	16.2638	2.9880	22.2348	2.7571	19.3502	2.8556	25.0189	2.5260	19.4144	2.7168	24.6623	
3.0000	0.0000	
2.9562	19.2811	3.0694	25.1645	2.7958	22.1078	2.9222	27.9060	2.6390	21.9370	2.7394	27.2568	
