1.1215	6.7246	1.3358	12.3372	0.8878	10.4793	1.0423	15.5926	0.4914	12.5790	0.8256	16.2747	
3.0000	0.0000	
1.6048	5.9480	1.5726	11.9802	1.1015	8.8388	1.2898	14.4914	0.6670	9.9978	0.9993	14.4762	
3.0000	0.0000	
2.0571	6.6945	1.8519	12.3785	1.4521	7.9743	1.5192	14.0975	0.9279	7.7682	1.1372	13.0646	
3.0000	0.0000	
2.2976	8.4906	2.0811	13.3160	1.8607	8.2762	1.7866	14.1655	1.2821	6.3927	1.3959	12.0730	
1.0000	0.0000	
2.3749	9.1925	2.1136	13.8512	1.9512	8.5631	1.7991	14.4330	1.4749	6.0965	1.5810	12.1124	
3.0000	0.0000	
2.5624	11.8051	2.2949	15.7236	2.2577	9.9673	2.0241	15.1200	1.8841	6.2513	1.7798	12.1434	
1.0000	1.5700	
1.1879	12.4079	0.8255	16.2744	0.7334	10.6307	0.5077	15.6922	0.5052	6.6367	0.2398	12.3335	
3.0000	0.0000	
1.2911	11.4045	0.9349	14.1252	1.0040	8.5613	0.5881	13.0665	0.7963	4.2918	0.3380	9.4615	
3.0000	0.0000	
1.5958	11.0146	1.1529	12.5531	1.2532	7.2513	0.7550	10.5928	1.5871	2.9570	0.4696	6.6877	
3.0000	0.0000	
1.8814	11.4479	1.3621	11.4740	1.7400	7.0275	0.9340	8.7716	2.4130	4.3108	0.8653	4.1358	
1.0000	0.0000	
1.8652	11.6700	1.4502	11.4271	1.8502	7.2647	1.1064	8.0768	2.3879	4.9862	1.0019	3.7039	
3.0000	0.0000	
2.0431	12.9619	1.5518	11.0862	2.2365	8.6185	1.4482	7.0819	2.7219	7.4928	1.8471	3.2733	
1.0000	1.5700	
0.6644	13.6187	0.1285	11.2231	0.7707	9.2269	0.0208	7.0765	1.2444	8.5257	0.5079	3.7164	
3.0000	0.0000	
0.7414	11.4196	0.2798	8.2637	0.9297	7.2397	-0.0243	4.0326	1.6705	8.0772	1.6199	1.9668	
3.0000	0.0000	
1.0132	9.4643	0.3975	5.4719	1.4044	6.2335	0.0196	1.1564	1.9581	8.5502	2.5537	3.6871	
3.0000	0.0000	
1.2595	8.3291	0.8841	2.8871	1.9047	6.4765	3.1409	1.9005	2.1012	10.2347	2.9193	6.1987	
1.0000	0.0000	
1.4726	8.2257	1.1174	2.3021	2.0339	6.6883	3.0478	2.9312	2.2910	10.6565	2.8461	7.2381	
3.0000	0.0000	
1.7978	8.3241	2.2777	2.9660	2.4032	8.4962	3.1361	5.9473	2.5550	12.7681	2.8943	10.2632	
1.0000	1.5700	
0.3415	8.6991	0.8996	3.5684	0.8052	9.1860	1.5123	6.8995	0.9426	13.5818	1.3955	11.1521	
3.0000	0.0000	
0.5517	6.0068	1.8068	3.0401	1.1975	7.6400	2.0094	7.4615	1.1594	12.0984	1.6647	11.0505	
3.0000	0.0000	
0.9390	3.7669	2.5001	4.8439	1.5154	7.0242	2.2905	9.2481	1.3731	11.2668	1.9623	11.7185	
3.0000	0.0000	
1.9120	3.2330	2.7237	7.4948	1.9551	7.5865	2.4691	11.3878	1.6224	11.1274	2.1074	13.1186	
1.0000	0.0000	
2.1997	3.7530	2.7595	8.4293	2.0694	8.0860	2.5152	12.1799	1.7890	11.1431	2.2141	13.4837	
3.0000	0.0000	
2.6047	5.7517	2.7913	11.3778	2.3633	9.9077	2.6613	14.7089	1.9251	12.0551	2.3063	15.5569	
1.0000	0.0000	
2.5863	6.5368	2.8953	12.2905	2.3907	10.7211	2.6413	15.5325	2.0166	12.6742	2.3864	16.2519	
3.0000	0.0000	
2.7630	9.4797	2.8881	15.1805	2.4929	13.0455	2.7653	18.4399	2.3080	14.3805	2.4482	18.7284	
3.0000	0.0000	
2.8632	12.2441	3.0318	18.2602	2.7857	15.6418	2.8018	21.2432	2.4237	16.5112	2.6119	21.1293	
3.0000	0.0000	
2.9597	15.2981	3.0818	21.0855	2.7325	18.3686	2.8136	24.0256	2.4839	18.7218	2.6856	23.8152	
1.0000	0.0000	
2.8694	16.1663	3.0268	22.0685	2.7393	19.3571	2.7948	25.1177	2.5160	19.6493	2.6798	24.7499	
3.0000	0.0000	
2.9848	19.1672	3.0903	25.2516	2.8188	22.1511	2.9195	27.9494	2.5315	22.0357	2.7773	27.3431	
