1.1421	6.6851	1.3293	12.3348	0.8766	10.6529	1.0854	15.6605	0.4130	12.5097	0.8045	16.3643	
3.0000	0.0000	
1.5840	5.9827	1.5309	12.0463	1.1064	8.9008	1.2968	14.5471	0.6576	9.9965	0.8997	14.4159	
3.0000	0.0000	
2.0438	6.7182	1.8720	12.3660	1.4522	8.0281	1.4661	14.0722	0.8514	7.8256	1.1914	13.0361	
3.0000	0.0000	
2.3912	8.4638	2.0562	13.3650	1.7499	8.2290	1.7353	14.0877	1.2984	6.3518	1.4308	12.1961	
3.0000	0.0000	
2.5560	10.7492	2.1315	14.9514	2.1352	9.4126	1.9068	14.9337	1.8041	6.1264	1.6684	12.0984	
3.0000	0.0000	
2.6659	13.4507	2.3398	16.9893	2.3839	11.2373	2.1110	16.1469	2.1990	7.2584	1.8983	12.6399	
1.0000	1.2566	
1.4314	14.3059	1.1282	17.6743	1.1375	12.1142	0.8476	16.7248	1.0307	7.9196	0.6991	13.0352	
3.0000	0.0000	
1.6359	14.3881	1.2574	16.7882	1.4177	11.1471	0.9775	15.0361	1.3639	6.7212	0.9296	10.9799	
3.0000	0.0000	
1.8539	14.9121	1.4636	16.2163	1.6733	11.1475	1.2665	13.7433	1.8472	6.9010	1.1092	9.4116	
3.0000	0.0000	
2.0510	16.0507	1.6707	16.1916	1.9464	11.8089	1.4524	13.0639	2.2237	8.1982	1.4982	8.5798	
3.0000	0.0000	
2.1737	17.5697	1.8768	16.7720	2.1534	13.2244	1.7084	12.9630	2.5641	10.3018	1.8483	8.8341	
3.0000	0.0000	
2.2773	19.5527	2.0232	17.8392	2.3006	15.0072	1.8340	13.7150	2.5671	12.7827	2.0889	9.9406	
1.0000	1.2566	
1.1077	20.2568	0.8053	18.2949	1.1359	15.7957	0.7192	14.0636	1.2677	13.5537	0.9698	10.5109	
3.0000	0.0000	
1.1772	19.0641	0.9473	16.3665	1.3181	14.6225	0.8225	12.0370	1.6483	13.3396	1.1751	9.1131	
3.0000	0.0000	
1.4560	18.3715	1.0618	14.8800	1.5381	14.0091	1.1472	10.4263	1.8542	13.8208	1.5202	8.5168	
3.0000	0.0000	
1.5785	17.9982	1.3474	13.7514	1.6744	14.1587	1.4528	9.4299	1.9790	14.7086	1.9283	8.8756	
3.0000	0.0000	
1.7151	18.3119	1.5265	13.2989	1.9437	15.0155	1.7022	9.3938	2.1598	16.2555	2.0980	10.2937	
3.0000	0.0000	
1.9242	19.0799	1.7414	13.5157	2.1326	16.1230	2.0544	10.2512	2.3657	18.2019	2.4013	12.2328	
1.0000	1.2566	
0.6615	19.3731	0.5230	13.7275	0.8994	16.6805	0.8691	10.6748	1.1907	18.8968	1.1947	12.9481	
3.0000	0.0000	
0.8201	17.1245	0.6659	11.2784	1.0743	14.9484	1.0834	8.9641	1.2977	17.7063	1.3651	12.1085	
3.0000	0.0000	
0.9099	15.1527	0.9415	9.2015	1.2129	13.7125	1.4137	8.0569	1.4749	16.9343	1.6549	11.9195	
3.0000	0.0000	
1.0976	13.6138	1.2513	7.7062	1.4157	12.9315	1.8334	8.1278	1.5981	16.7848	1.9080	12.5767	
3.0000	0.0000	
1.3143	12.5299	1.5613	7.2392	1.7279	12.8854	2.1000	9.3545	1.7742	17.1285	2.0905	13.7155	
3.0000	0.0000	
1.6406	12.1504	2.0694	7.9873	1.8666	13.4991	2.3022	11.1443	1.9210	17.9612	2.2313	15.4647	
1.0000	1.2566	
0.4287	12.1096	0.8839	8.4496	0.7906	13.8694	1.1906	11.9487	0.6969	18.3216	1.0388	16.1956	
3.0000	0.0000	
0.4217	9.4926	1.2253	6.9324	0.8567	11.8490	1.4155	11.0079	0.7980	16.2220	1.2815	14.9345	
3.0000	0.0000	
0.7384	6.9812	1.6466	6.4532	1.1141	10.0465	1.6784	10.9460	0.9560	14.3550	1.4995	14.1400	
3.0000	0.0000	
1.1136	5.1375	2.0040	7.2758	1.3135	9.1753	1.9070	11.5846	1.2631	13.0213	1.6341	14.0909	
3.0000	0.0000	
1.7987	4.7063	2.3190	9.1896	1.7276	9.1501	2.1564	13.0263	1.4525	12.3991	1.8689	14.6514	
3.0000	0.0000	
2.2915	6.0320	2.6352	11.4523	2.0123	10.0766	2.3586	14.9210	1.6357	12.3508	2.0293	15.7963	
