1.1286	6.7665	1.2920	12.3738	0.8829	10.6484	1.1708	15.6530	0.4744	12.5737	0.8427	16.3256	
3.0000	0.0000	
1.5671	6.0524	1.5825	11.9714	1.0922	8.9127	1.2845	14.5560	0.5674	9.8873	0.9454	14.4661	
3.0000	0.0000	
2.0747	6.7297	1.8250	12.3570	1.4151	8.0508	1.4731	14.0291	0.8920	7.7948	1.1984	12.9880	
3.0000	0.0000	
2.3571	8.4738	1.9946	13.4356	1.8576	8.2889	1.6710	14.1135	1.2876	6.2916	1.3752	12.2375	
1.0000	0.0000	
2.4146	9.1971	2.1014	13.8955	1.9381	8.5490	1.7988	14.3492	1.3951	6.0198	1.5404	12.0314	
3.0000	0.0000	
2.5812	11.6381	2.2265	15.6651	2.1718	9.9552	1.9680	15.2770	1.9680	6.3301	1.7433	12.1327	
1.0000	1.5700	
1.0071	12.5818	0.7280	16.2658	0.7311	10.7156	0.5182	15.6622	0.5027	6.7181	0.3365	12.4710	
3.0000	0.0000	
1.2615	11.4891	0.8822	14.2582	0.9831	8.6076	0.5668	13.1072	0.8139	4.2729	0.3713	9.5900	
3.0000	0.0000	
1.5355	10.9690	1.0602	12.5519	1.2639	7.2878	0.7625	10.6373	1.6410	2.9821	0.4739	6.6892	
3.0000	0.0000	
1.7941	11.4026	1.3186	11.4802	1.7113	6.9738	0.9303	8.6217	2.3448	4.1929	0.7491	4.2327	
1.0000	0.0000	
1.8394	11.7526	1.3316	11.1568	1.8175	7.2260	1.0971	8.1444	2.5082	4.9840	0.9750	3.6164	
3.0000	0.0000	
2.1875	13.0097	1.7013	11.0341	2.2217	8.6544	1.4086	7.0985	2.7262	7.5810	1.8681	3.1615	
1.0000	1.5700	
0.6286	13.5449	0.1729	11.2082	0.6735	9.2471	-0.0219	6.9883	1.1482	8.5604	0.6246	3.6583	
3.0000	0.0000	
0.7414	11.3201	0.2871	8.2458	0.9537	7.2680	-0.0166	4.0080	1.5984	8.0304	1.5247	2.0035	
3.0000	0.0000	
0.9579	9.4248	0.3392	5.4116	1.3634	6.1415	0.0157	0.9927	1.9675	8.4960	2.5568	3.6211	
3.0000	0.0000	
1.2805	8.3107	0.6783	2.7953	1.8924	6.3587	3.1197	1.9563	2.2051	9.9990	2.8204	6.3423	
1.0000	0.0000	
1.4772	8.1667	1.0905	2.1856	2.0189	6.6711	3.1176	2.9581	2.2704	10.5573	2.8361	7.3189	
3.0000	0.0000	
1.8653	8.1908	2.3286	2.8454	2.3665	8.5172	3.1786	5.9388	2.4927	12.8075	2.9297	10.2183	
1.0000	1.5700	
0.3632	8.4826	0.9964	3.5838	0.8729	9.2002	1.6156	7.0414	1.0317	13.6288	1.4861	11.0944	
3.0000	0.0000	
0.5390	5.8012	1.8748	3.1062	1.1896	7.5264	2.0095	7.6403	1.1343	12.0587	1.6439	11.0260	
3.0000	0.0000	
1.0721	3.5600	2.5850	4.9236	1.5590	6.9330	2.2654	9.2279	1.4047	11.1742	1.8963	11.6099	
3.0000	0.0000	
1.9306	3.1354	2.7592	7.6592	2.0267	7.6336	2.4946	11.4127	1.5662	10.9862	2.1144	13.0711	
1.0000	0.0000	
2.2036	3.5651	2.7740	8.6343	2.0871	8.0373	2.5385	12.1460	1.7954	11.1999	2.2029	13.5647	
3.0000	0.0000	
2.6388	5.7634	2.8683	11.3943	2.3720	9.8007	2.6233	14.7675	2.0889	11.9692	2.4227	15.4976	
1.0000	0.0000	
2.6707	6.6706	2.8495	12.3900	2.4327	10.6204	2.6254	15.6163	1.9779	12.4857	2.4082	16.1750	
3.0000	0.0000	
2.7697	9.4627	2.9232	15.2545	2.5718	13.0292	2.7753	18.3970	2.2182	14.1353	2.4620	18.5437	
3.0000	0.0000	
2.8991	12.3497	2.9789	18.2805	2.6563	15.6302	2.8297	21.0943	2.3658	16.2526	2.5653	21.0563	
3.0000	0.0000	
3.0139	15.2554	2.9002	21.1912	2.7038	18.3643	2.8601	24.0364	2.5452	18.5773	2.7126	23.6994	
1.0000	0.0000	
2.9939	16.2250	2.9938	22.2367	2.7664	19.1975	2.9013	24.9590	2.5350	19.3503	2.6452	24.5232	
3.0000	0.0000	
3.0102	19.2341	2.9809	25.2974	2.8215	22.0978	2.8636	27.8755	2.6176	21.9146	2.7668	27.2802	
