1.107 6.708 1.326 12.369 0.852 10.630 1.107 15.652 0.499 12.530 0.829 16.279
3.000 0.000
1.571 6.000 1.571 12.000 1.107 8.944 1.292 14.560 0.644 10.000 0.983 14.422
3.000 0.000
2.034 6.708 1.816 12.369 1.446 8.062 1.499 14.036 0.876 7.810 1.176 13.000
3.000 0.000
2.356 8.485 2.034 13.416 1.816 8.246 1.713 14.142 1.249 6.325 1.406 12.166
3.000 0.000
2.554 10.817 2.214 15.000 2.129 9.434 1.914 14.866 1.736 6.083 1.654 12.042
3.000 0.000
2.678 13.416 2.356 16.971 2.356 11.314 2.090 16.125 2.159 7.211 1.893 12.649
1.000 1.257
1.453 14.318 1.140 17.692 1.158 12.042 0.886 16.643 1.009 7.810 0.709 13.000
3.000 0.000
1.663 14.278 1.304 16.662 1.407 11.182 1.042 14.927 1.397 6.711 0.889 10.899
3.000 0.000
1.865 14.857 1.484 16.133 1.677 11.094 1.233 13.660 1.842 6.861 1.142 9.306
3.000 0.000
-4.237 15.988 1.670 16.152 -4.351 11.795 1.452 12.977 -4.080 8.192 1.469 8.508
3.000 0.000
-4.085 17.563 1.850 16.719 -4.136 13.159 1.684 12.969 -3.842 10.254 1.818 8.728
3.000 0.000
-3.960 19.477 -4.270 17.781 -3.967 15.006 -4.379 13.638 -3.689 12.695 -4.167 9.899
1.000 1.257
-5.180 20.173 -5.477 18.231 -5.177 15.702 -5.568 13.998 -4.907 13.559 -5.342 10.452
3.000 0.000
-5.039 19.010 -5.344 16.298 -4.993 14.605 -5.402 11.897 -4.684 13.307 -5.070 9.018
3.000 0.000
-4.883 18.270 -5.179 14.726 -4.786 14.074 -5.174 10.254 -4.464 13.723 -4.731 8.450
3.000 0.000
-4.718 18.005 -4.981 13.642 -4.574 14.172 -4.881 9.314 -4.266 14.750 -4.387 8.915
3.000 0.000
-4.553 18.237 -4.760 13.166 -4.373 14.887 -4.557 9.293 -4.099 16.273 -4.107 10.274
3.000 0.000
-4.396 18.947 -4.534 13.364 -4.196 16.136 -4.262 10.196 -3.963 18.167 -3.904 12.232
1.000 1.257
-5.603 19.282 -5.718 13.577 -5.401 16.652 -5.435 10.669 -5.181 18.862 -5.107 12.974
3.000 0.000
-5.492 17.055 -5.573 11.160 -5.245 14.927 -5.181 8.973 -5.029 17.711 -4.877 12.139
3.000 0.000
-5.350 15.097 -5.357 9.097 -5.054 13.651 -4.843 8.075 -4.861 17.017 -4.628 12.017
3.000 0.000
-5.171 13.527 -5.039 7.679 -4.835 12.957 -4.474 8.239 -4.684 16.836 -4.389 12.628
3.000 0.000
-4.954 12.491 -4.639 7.293 -4.602 12.939 -4.159 9.411 -4.508 17.186 -4.183 13.875
3.000 0.000
-4.712 12.128 -4.260 8.087 -4.381 13.599 -3.931 11.281 -4.345 18.034 -4.016 15.606
1.000 1.257
-5.886 12.170 -5.411 8.572 -5.570 13.956 -5.128 12.006 -5.551 18.418 -5.226 16.266
3.000 0.000
-5.763 9.475 -5.078 7.027 -5.404 11.851 -4.879 11.138 -5.427 16.311 -5.051 15.022
3.000 0.000
-5.550 7.031 -4.639 6.579 -5.175 10.204 -4.608 11.044 -5.271 14.522 -4.852 14.309
3.000 0.000
-5.153 5.206 -4.224 7.429 -4.881 9.262 -4.351 11.742 -5.076 13.181 -4.641 14.206
3.000 0.000
-4.549 4.772 -3.933 9.225 -4.555 9.244 -4.135 13.106 -4.849 12.433 -4.436 14.728
3.000 0.000
