1.0741	6.7275	1.3016	12.3093	0.8930	10.6676	1.1511	15.5999	0.4981	12.5276	0.8828	16.2659	
3.0000	0.0000	
1.5696	5.9458	1.6093	12.0127	1.1497	8.9248	1.2813	14.5679	0.7196	10.0071	0.9754	14.4153	
3.0000	0.0000	
1.9995	6.7170	1.9145	12.3233	1.4973	8.0515	1.4826	14.0183	0.8575	7.8479	1.2344	12.9446	
3.0000	0.0000	
2.3613	8.5168	2.0386	13.4400	1.8439	8.2235	1.7145	14.2092	1.3219	6.3439	1.3867	12.1799	
3.0000	0.0000	
2.5972	10.8818	2.2904	15.0112	2.1062	9.4841	1.8585	14.8699	1.7014	6.0621	1.7031	12.0729	
3.0000	0.0000	
2.6679	13.3631	2.4107	16.9202	2.3293	11.3501	2.0539	16.0888	2.1482	7.1758	1.9030	12.7167	
1.0000	1.2566	
1.4618	14.3417	1.1749	17.7159	1.1361	12.0208	0.8887	16.6614	0.9561	7.6896	0.7208	13.0658	
3.0000	0.0000	
1.6312	14.2815	1.3585	16.6901	1.3744	11.1131	1.0307	14.8869	1.4172	6.6898	0.8613	10.8941	
3.0000	0.0000	
1.9266	14.8506	1.4251	16.1887	1.6888	11.1014	1.1898	13.7154	1.8029	6.8460	1.1803	9.2866	
3.0000	0.0000	
2.0829	15.8865	1.7065	16.2302	1.9097	11.7421	1.4723	12.9488	2.2382	8.2135	1.4763	8.4868	
3.0000	0.0000	
2.2316	17.5727	1.8147	16.7538	2.1096	13.0826	1.6528	12.9838	2.4227	10.2255	1.7957	8.7985	
3.0000	0.0000	
2.3070	19.5365	2.0290	17.7502	2.2294	14.9655	1.8644	13.6082	2.5969	12.6370	2.1085	9.8730	
1.0000	1.2566	
1.0122	20.1186	0.8116	18.1540	1.1302	15.6450	0.6671	13.9597	1.3639	13.4916	0.8783	10.4354	
3.0000	0.0000	
1.3076	18.9717	0.8499	16.3152	1.3589	14.6151	0.8480	11.8279	1.6262	13.3118	1.1884	8.9944	
3.0000	0.0000	
1.4289	18.1587	1.1210	14.6221	1.5060	14.0239	1.0717	10.2448	1.8190	13.6757	1.5522	8.4068	
3.0000	0.0000	
1.5022	17.8959	1.2846	13.6148	1.6618	14.0778	1.3965	9.1980	2.0262	14.6947	1.9022	8.8130	
3.0000	0.0000	
1.7266	18.1548	1.4907	13.1217	1.8998	14.7531	1.7210	9.2227	2.1539	16.1475	2.1475	10.1638	
3.0000	0.0000	
1.7853	18.7628	1.7702	13.2067	2.0518	15.9833	2.0060	10.0779	2.3452	18.0655	2.3526	12.1768	
1.0000	1.2566	
0.6216	19.0897	0.6413	13.4380	0.8251	16.5493	0.9091	10.5147	1.1750	18.7526	1.1599	12.8392	
3.0000	0.0000	
0.8495	16.8662	0.7356	11.0293	1.1073	14.7561	1.0815	8.9033	1.2195	17.6834	1.4009	12.0933	
3.0000	0.0000	
0.9655	14.8534	0.9231	8.8773	1.2203	13.4730	1.4680	8.0239	1.4854	16.9414	1.7432	11.9574	
3.0000	0.0000	
1.1281	13.3763	1.1753	7.4635	1.4103	12.8938	1.8774	8.1231	1.5943	16.7273	1.9240	12.5760	
3.0000	0.0000	
1.3194	12.2445	1.6825	7.2124	1.6691	12.8130	2.1353	9.3944	1.7821	16.9901	2.1440	13.8258	
3.0000	0.0000	
1.6580	11.9552	2.0048	8.0085	1.9068	13.4466	2.2874	11.2708	1.9678	17.9341	2.2780	15.5403	
1.0000	1.2566	
0.4360	11.9756	0.9222	8.4745	0.7087	13.8736	1.1184	11.9385	0.7449	18.2199	1.0007	16.2563	
3.0000	0.0000	
0.5363	9.2333	1.2495	7.0278	0.8998	11.7975	1.3774	11.1968	0.9095	16.2001	1.2487	14.8962	
3.0000	0.0000	
0.7466	6.9340	1.7080	6.6382	1.1026	10.0676	1.6954	11.0748	1.0013	14.3937	1.4093	14.2169	
3.0000	0.0000	
1.1259	5.0748	2.0862	7.5101	1.3974	9.1722	1.9995	11.8037	1.2275	13.0514	1.6271	14.1964	
3.0000	0.0000	
1.7639	4.7488	2.3118	9.3349	1.7635	9.1333	2.0952	13.1787	1.4298	12.2914	1.8983	14.7388	
3.0000	0.0000	
2.2560	6.1631	2.6069	11.6186	1.9480	10.1466	2.2943	14.9877	1.6820	12.3001	2.0841	15.7730	
